1.4394901822250776e+00
2.0858799660813636e+00
7.4299651735021510e-01
6.4806417677126793e-01
7.4877864569690844e-01
1.5235136610547333e+00
8.3915183835832685e-01
8.9819900723131196e-01
1.3041664546310385e+00
1.5064516780591581e+00
1.5167467312041560e+00
6.4082118360711193e-01
1.1688863910494864e+00
1.9115697524989845e+00
4.5473040579772145e-01
1.7721195812649690e+00
1.1761586936886170e+00
1.2670618237922795e+00
8.2025288357519122e-01
1.2827486034710072e+00
4.6187497599724692e-01
9.4997660291556774e-01
8.3046694144258137e-01
1.9581409122948357e+00
2.1183500673227971e+00
1.5262814778362535e+00
2.5245138999256538e+00
1.8802354244548853e+00
2.0641002922019530e-01
4.6426579763132558e-01
7.6318358238001627e-01
1.1975510082590559e+00
1.6801332625870706e+00
1.2938492331754556e+00
1.6335975306652910e+00
1.5257264737054159e+00
8.3503893492480974e-01
2.2001262399641224e+00
1.3123417617329736e+00
2.3850605747351614e+00
7.9159310272738836e-01
6.8320219931171711e-01
9.0222021059401880e-01
4.9655380811543998e-01
1.1959445726624875e+00
2.9606901021292886e+00
1.7783468625068362e+00
1.3865288539282012e+00
1.3341822083437576e+00
1.3875604115906528e+00
1.4401784761464977e+00
1.6952859412796302e+00
6.2452301030711965e-01
1.6756432940005952e+00
1.0859015170622806e+00
1.1875481310001158e-01
2.4939722169637419e+00
8.7364915414392952e-01
2.5747802462468777e-01
1.1728549880492345e+00
1.6678598148915473e+00
6.3514039780185605e-01
9.0267747991985536e-01
2.1080744403128038e-01
1.3182949005470510e+00
1.6355878494288494e+00
1.8696959300634588e+00
1.3630480134258092e+00
3.6591172420157996e+00
1.3176750210792185e+00
1.7878278760778872e+00
2.0050516361152879e+00
1.4578025687046685e+00
2.4853533925024744e+00
5.4587162087237140e-01
7.5002031659549717e-01
8.5447471989744073e-01
6.2415494998133481e-01
2.2410869863194255e-01
2.0994065088239078e-01
5.7259633180193203e-01
8.4823183614748499e-01
1.5099366042415439e+00
6.6156714945997697e-01
1.7094224323786225e+00
7.4673173534293824e-01
1.6120885662923277e+00
8.4731594442736047e-01
2.2516532256964976e+00
1.5560242412409248e-01
1.4745677811206819e+00
1.2097557800809964e+00
9.1836765710520141e-01
1.1414846690069929e+00
1.0003961404665309e+00
2.6935609128417015e+00
8.6935598782852974e-01
1.4170771870216547e+00
2.2982014763728391e+00
1.8927087788833359e+00